--- 1701.0465013980865 seconds ---
Z:  0.0
R:  0.03739188069842094
k:  5
a1:  0.0
a2:  1